mujoco_config: "robot.xml" 
algorithm: rrt 
range: 0.2 
start: [0, 0, 0, 0, 0, 0] 
goal: [2.3560653994564813, -0.8746200015666276, 2.7285018201935483, -3.141331634735186, 2.0313616684371403, 2.3556868327227263] 
